0.0, 0.1, 0.1, 4.187901
0.0, 0.1, 0.1, 4.578717
0.0, 0.1, 0.1, 4.998397
0.0, 0.1, 0.1, 5.444637
0.0, 0.1, 0.2, 5.9151810000000005
0.1, 0.2, 0.2, 6.407821000000002
0.1, 0.2, 0.2, 6.920397000000001
0.1, 0.2, 0.2, 7.450797000000002
0.1, 0.2, 0.2, 7.996957
0.1, 0.2, 0.2, 8.556861000000001
0.1, 0.2, 0.2, 9.128541000000002
0.1, 0.2, 0.2, 9.710077
0.1, 0.2, 0.2, 10.299596999999999
0.1, 0.2, 0.2, 10.895276999999998
0.1, 0.2, 0.3, 11.495341
0.2, 0.3, 0.3, 12.098061
0.2, 0.3, 0.3, 12.701757
0.2, 0.3, 0.3, 13.304797
0.2, 0.3, 0.3, 13.905597
0.2, 0.3, 0.3, 14.502621000000001
0.2, 0.3, 0.3, 15.094381000000002
0.2, 0.3, 0.3, 15.679437000000005
0.2, 0.3, 0.3, 16.256397000000007
0.2, 0.3, 0.3, 16.823917
0.2, 0.3, 0.4, 17.38070100000001
0.3, 0.4, 0.4, 17.925501000000008
0.3, 0.4, 0.4, 18.457117000000007
0.3, 0.4, 0.4, 18.97439700000001
0.3, 0.4, 0.4, 19.47623700000001
0.3, 0.4, 0.4, 19.961581000000006
0.3, 0.4, 0.4, 20.42942100000001
0.3, 0.4, 0.4, 20.878797000000013
0.3, 0.4, 0.4, 21.308797000000013
0.3, 0.4, 0.4, 21.718557000000008
0.3, 0.4, 0.5, 22.10726100000001
0.4, 0.5, 0.5, 22.47414100000001
0.4, 0.5, 0.5, 22.81847700000001
0.4, 0.5, 0.5, 23.13959700000001
0.4, 0.5, 0.5, 23.43687700000001
0.4, 0.5, 0.5, 23.70974100000001
0.4, 0.5, 0.5, 23.957661000000012
0.4, 0.5, 0.5, 24.180157000000012
0.4, 0.5, 0.5, 24.37679700000001
0.4, 0.5, 0.5, 24.547197000000008
0.4, 0.5, 0.6, 24.691021000000006
0.5, 0.6, 0.6, 24.807981000000005
0.5, 0.6, 0.6, 24.897837000000003
0.5, 0.6, 0.6, 24.960397000000007
0.5, 0.6, 0.6, 24.995517000000007
0.5, 0.6, 0.6, 25.003101000000008
0.5, 0.6, 0.6, 24.983100999999998
0.5, 0.6, 0.6, 24.935516999999997
0.5, 0.6, 0.6, 24.860396999999995
0.5, 0.6, 0.6, 24.757836999999995
0.5, 0.6, 0.7, 24.627980999999995
0.6, 0.7, 0.7, 24.471020999999993
0.6, 0.7, 0.7, 24.287196999999992
0.6, 0.7, 0.7, 24.07679699999999
0.6, 0.7, 0.7, 23.840156999999987
0.6, 0.7, 0.7, 23.57766099999999
0.6, 0.7, 0.7, 23.289740999999985
0.6, 0.7, 0.7, 22.976876999999988
0.6, 0.7, 0.7, 22.639596999999984
0.6, 0.7, 0.7, 22.27847699999998
0.6, 0.7, 0.8, 21.894140999999983
0.7, 0.8, 0.8, 21.487260999999982
0.7, 0.8, 0.8, 21.05855699999998
0.7, 0.8, 0.8, 20.608796999999978
0.7, 0.8, 0.8, 20.13879699999998
0.7, 0.8, 0.8, 19.64942099999998
0.7, 0.8, 0.8, 19.141580999999977
0.7, 0.8, 0.8, 18.616236999999977
0.7, 0.8, 0.8, 18.074396999999976
0.7, 0.8, 0.8, 17.517116999999978
0.7, 0.8, 0.9, 16.94550099999997
0.8, 0.9, 0.9, 16.36070099999997
0.8, 0.9, 0.9, 15.763916999999967
0.8, 0.9, 0.9, 15.156396999999966
0.8, 0.9, 0.9, 14.539436999999968
0.8, 0.9, 0.9, 13.914380999999967
0.8, 0.9, 0.9, 13.282620999999967
0.8, 0.9, 0.9, 12.64559699999997
0.8, 0.9, 0.9, 12.004796999999968
0.8, 0.9, 0.9, 11.361756999999965
0.8, 0.9, 1.0, 10.718060999999963
0.9, 1.0, 1.0, 10.075340999999963
0.9, 1.0, 1.0, 9.435276999999965
0.9, 1.0, 1.0, 8.799596999999967
0.9, 1.0, 1.0, 8.170076999999964
0.9, 1.0, 1.0, 7.5485409999999575
0.9, 1.0, 1.0, 6.93686099999997
0.9, 1.0, 1.0, 6.336956999999973
0.9, 1.0, 1.0, 5.750796999999974
0.9, 1.0, 1.0, 5.180396999999972
0.9, 1.0, 1.1, 4.6278209999999715
1.0, 1.1, 1.1, 4.095180999999973
1.0, 1.1, 1.1, 3.5846369999999723
1.0, 1.1, 1.1, 3.0983969999999728
1.0, 1.1, 1.1, 2.6387169999999753
1.0, 1.1, 1.1, 2.207900999999976
1.0, 1.1, 1.1, 1.808300999999978
1.0, 1.1, 1.1, 1.442316999999981
1.0, 1.1, 1.1, 1.1123969999999812
1.0, 1.1, 1.1, 0.8210369999999824
1.0, 1.1, 1.2, 0.5707809999999849
1.1, 1.2, 1.2, 0.3642209999999877
1.1, 1.2, 1.2, 0.20399699999999138
1.1, 1.2, 1.2, 0.0927969999999941
1.1, 1.2, 1.2, 0.03335699999999766
1.1, 1.2, 1.2, 0.02846100000000175
1.1, 1.2, 1.2, 0.08094100000000608
1.1, 1.2, 1.2, 0.1936770000000103
1.1, 1.2, 1.2, 0.36959700000001416
1.1, 1.2, 1.2, 0.61167700000002
1.1, 1.2, 1.3, 0.9229410000000251
1.2, 1.3, 1.3, 1.3064610000000307
1.2, 1.3, 1.3, 1.7653570000000394
1.2, 1.3, 1.3, 2.3027970000000435
1.2, 1.3, 1.3, 2.9219970000000464
1.2, 1.3, 1.3, 3.626221000000054
1.2, 1.3, 1.3, 4.4187810000000605
1.2, 1.3, 1.3, 5.303037000000073
1.2, 1.3, 1.3, 6.282397000000085
1.2, 1.3, 1.3, 7.360317000000087
1.2, 1.3, 1.4, 8.540301000000097
1.3, 1.4, 1.4, 9.825901000000115
1.3, 1.4, 1.4, 11.220717000000121
1.3, 1.4, 1.4, 12.728397000000127
1.3, 1.4, 1.4, 14.352637000000142
1.3, 1.4, 1.4, 16.097181000000155
1.3, 1.4, 1.4, 17.96582100000016
1.3, 1.4, 1.4, 19.962397000000188
1.3, 1.4, 1.4, 22.090797000000208
1.3, 1.4, 1.4, 24.35495700000021
1.3, 1.4, 1.5, 26.758861000000223
1.4, 1.5, 1.5, 29.306541000000237
1.4, 1.5, 1.5, 32.00207700000025
1.4, 1.5, 1.5, 34.84959700000027
1.4, 1.5, 1.5, 37.8532770000003
1.4, 1.5, 1.5, 41.017341000000314
1.4, 1.5, 1.5, 44.34606100000033
1.4, 1.5, 1.5, 47.843757000000366
1.4, 1.5, 1.5, 51.51479700000037
1.4, 1.5, 1.5, 55.363597000000375
1.4, 1.5, 1.6, 59.39462100000041
1.5, 1.6, 1.6, 63.61238100000046
1.5, 1.6, 1.6, 68.0214370000005
1.5, 1.6, 1.6, 72.62639700000054
1.5, 1.6, 1.6, 77.43191700000051
1.5, 1.6, 1.6, 82.44270100000054
1.5, 1.6, 1.6, 87.66350100000062
1.5, 1.6, 1.6, 93.09911700000063
1.5, 1.6, 1.6, 98.75439700000065
1.5, 1.6, 1.6, 104.63423700000065
1.5, 1.6, 1.7, 110.74358100000066
1.6, 1.7, 1.7, 117.08742100000072
1.6, 1.7, 1.7, 123.67079700000076
1.6, 1.7, 1.7, 130.49879700000082
1.6, 1.7, 1.7, 137.57655700000086
1.6, 1.7, 1.7, 144.90926100000087
1.6, 1.7, 1.7, 152.5021410000009
1.6, 1.7, 1.7, 160.36047700000097
1.6, 1.7, 1.7, 168.48959700000097
1.6, 1.7, 1.7, 176.89487700000097
1.6, 1.7, 1.8, 185.58174100000105
1.7, 1.8, 1.8, 194.55566100000112
1.7, 1.8, 1.8, 203.8221570000012
1.7, 1.8, 1.8, 213.38679700000125
1.7, 1.8, 1.8, 223.25519700000132
1.7, 1.8, 1.8, 233.43302100000136
1.7, 1.8, 1.8, 243.92598100000143
1.7, 1.8, 1.8, 254.73983700000147
1.7, 1.8, 1.8, 265.8803970000015
1.7, 1.8, 1.8, 277.3535170000015
1.7, 1.8, 1.9, 289.16510100000147
1.8, 1.9, 1.9, 301.3211010000016
1.8, 1.9, 1.9, 313.82751700000165
1.8, 1.9, 1.9, 326.6903970000017
1.8, 1.9, 1.9, 339.9158370000018
1.8, 1.9, 1.9, 353.50998100000186
1.8, 1.9, 1.9, 367.4790210000019
1.8, 1.9, 1.9, 381.82919700000195
1.8, 1.9, 1.9, 396.5667970000021
1.8, 1.9, 1.9, 411.6981570000021
1.8, 1.9, 2.0, 427.2296610000021
1.9, 2.0, 2.0, 443.16774100000225
1.9, 2.0, 2.0, 459.51887700000236
1.9, 2.0, 2.0, 476.28959700000246
1.9, 2.0, 2.0, 493.48647700000254
1.9, 2.0, 2.0, 511.1161410000027
1.9, 2.0, 2.0, 529.1852610000029
1.9, 2.0, 2.0, 547.7005570000028
1.9, 2.0, 2.0, 566.668797000003
1.9, 2.0, 2.0, 586.0967970000029
1.9, 2.0, 2.1, 605.9914210000031
2.0, 2.1, 2.1, 626.3595810000031
2.0, 2.1, 2.1, 647.2082370000035
2.0, 2.1, 2.1, 668.5443970000033
2.0, 2.1, 2.1, 690.3751170000035
2.0, 2.1, 2.1, 712.707501000003
2.0, 2.1, 2.1, 735.5487010000027
2.0, 2.1, 2.1, 758.9059170000021
2.0, 2.1, 2.1, 782.7863970000017
2.0, 2.1, 2.1, 807.1974370000012
2.0, 2.1, 2.2, 832.1463810000009
2.1, 2.2, 2.2, 857.6406210000004
2.1, 2.2, 2.2, 883.6875969999996
2.1, 2.2, 2.2, 910.2947969999993
2.1, 2.2, 2.2, 937.4697569999987
2.1, 2.2, 2.2, 965.2200609999979
2.1, 2.2, 2.2, 993.5533409999971
2.1, 2.2, 2.2, 1022.4772769999963
2.1, 2.2, 2.2, 1051.999596999996
2.1, 2.2, 2.2, 1082.1280769999953
2.1, 2.2, 2.2, 1112.8705409999943
2.1, 2.2, 2.3, 1144.2348609999933
2.2, 2.3, 2.3, 1176.2289569999925
2.2, 2.3, 2.3, 1208.8607969999919
2.2, 2.3, 2.3, 1242.138396999991
2.2, 2.3, 2.3, 1276.0698209999905
2.2, 2.3, 2.3, 1310.6631809999894
2.2, 2.3, 2.3, 1345.9266369999882
2.2, 2.3, 2.3, 1381.868396999987
2.2, 2.3, 2.3, 1418.4967169999861
2.2, 2.3, 2.3, 1455.8199009999853
2.2, 2.3, 2.4, 1493.8463009999844
2.3, 2.4, 2.4, 1532.5843169999832
2.3, 2.4, 2.4, 1572.042396999982
2.3, 2.4, 2.4, 1612.229036999981
2.3, 2.4, 2.4, 1653.1527809999798
2.3, 2.4, 2.4, 1694.822220999978
2.3, 2.4, 2.4, 1737.2459969999768
2.3, 2.4, 2.4, 1780.432796999976
2.3, 2.4, 2.4, 1824.3913569999745
2.3, 2.4, 2.4, 1869.130460999973
2.3, 2.4, 2.5, 1914.6589409999715
2.4, 2.5, 2.5, 1960.9856769999699
2.4, 2.5, 2.5, 2008.1195969999683
2.4, 2.5, 2.5, 2056.0696769999668
2.4, 2.5, 2.5, 2104.844940999965
2.4, 2.5, 2.5, 2154.454460999963
2.4, 2.5, 2.5, 2204.907356999962
2.4, 2.5, 2.5, 2256.21279699996
2.4, 2.5, 2.5, 2308.379996999958
2.4, 2.5, 2.5, 2361.4182209999562
2.4, 2.5, 2.6, 2415.3367809999545
2.5, 2.6, 2.6, 2470.145036999952
2.5, 2.6, 2.6, 2525.85239699995
2.5, 2.6, 2.6, 2582.4683169999485
2.5, 2.6, 2.6, 2640.0023009999463
2.5, 2.6, 2.6, 2698.4639009999446
2.5, 2.6, 2.6, 2757.8627169999427
2.5, 2.6, 2.6, 2818.20839699994
2.5, 2.6, 2.6, 2879.5106369999376
2.5, 2.6, 2.6, 2941.7791809999353
2.5, 2.6, 2.7, 3005.0238209999334
2.6, 2.7, 2.7, 3069.2543969999315
2.6, 2.7, 2.7, 3134.4807969999283
2.6, 2.7, 2.7, 3200.712956999925
2.6, 2.7, 2.7, 3267.9608609999227
2.6, 2.7, 2.7, 3336.23454099992
2.6, 2.7, 2.7, 3405.5440769999173
2.6, 2.7, 2.7, 3475.899596999914
2.6, 2.7, 2.7, 3547.3112769999116
2.6, 2.7, 2.7, 3619.7893409999087
2.6, 2.7, 2.8, 3693.3440609999057
2.7, 2.8, 2.8, 3767.985756999903
2.7, 2.8, 2.8, 3843.7247969999
2.7, 2.8, 2.8, 3920.5715969998973
2.7, 2.8, 2.8, 3998.5366209998942
2.7, 2.8, 2.8, 4077.6303809998903
2.7, 2.8, 2.8, 4157.863436999887
2.7, 2.8, 2.8, 4239.246396999884
2.7, 2.8, 2.8, 4321.789916999881
2.7, 2.8, 2.8, 4405.504700999877
2.7, 2.8, 2.9, 4490.401500999873
2.8, 2.9, 2.9, 4576.49111699987
2.8, 2.9, 2.9, 4663.784396999867
2.8, 2.9, 2.9, 4752.292236999863
2.8, 2.9, 2.9, 4842.025580999858
2.8, 2.9, 2.9, 4932.995420999855
2.8, 2.9, 2.9, 5025.212796999852
2.8, 2.9, 2.9, 5118.688796999848
2.8, 2.9, 2.9, 5213.434556999844
2.8, 2.9, 2.9, 5309.461260999839
2.8, 2.9, 3.0, 5406.780140999836
2.9, 3.0, 3.0, 5505.4024769998305
2.9, 3.0, 3.0, 5605.3395969998255
2.9, 3.0, 3.0, 5706.602876999823
2.9, 3.0, 3.0, 5809.203740999818
2.9, 3.0, 3.0, 5913.153660999813
2.9, 3.0, 3.0, 6018.4641569998075
2.9, 3.0, 3.0, 6125.146796999802
2.9, 3.0, 3.0, 6233.213196999795
2.9, 3.0, 3.0, 6342.675020999792
2.9, 3.0, 3.1, 6453.543980999787
3.0, 3.1, 3.1, 6565.831836999781
3.0, 3.1, 3.1, 6679.550396999775
3.0, 3.1, 3.1, 6794.711516999771
3.0, 3.1, 3.1, 6911.327100999768
3.0, 3.1, 3.1, 7029.409100999761
3.0, 3.1, 3.1, 7148.969516999755
3.0, 3.1, 3.1, 7270.02039699975
3.0, 3.1, 3.1, 7392.573836999744
3.0, 3.1, 3.1, 7516.64198099974
3.0, 3.1, 3.2, 7642.237020999733
3.1, 3.2, 3.2, 7769.3711969997275
3.1, 3.2, 3.2, 7898.05679699972
3.1, 3.2, 3.2, 8028.3061569997135
3.1, 3.2, 3.2, 8160.1316609997075
3.1, 3.2, 3.2, 8293.545740999702
3.1, 3.2, 3.2, 8428.560876999694
3.1, 3.2, 3.2, 8565.189596999688
3.1, 3.2, 3.2, 8703.444476999683
3.1, 3.2, 3.2, 8843.338140999676
3.1, 3.2, 3.3, 8984.883260999668
3.2, 3.3, 3.3, 9128.092556999662
3.2, 3.3, 3.3, 9272.978796999654
3.2, 3.3, 3.3, 9419.554796999648
3.2, 3.3, 3.3, 9567.833420999641
3.2, 3.3, 3.3, 9717.827580999634
3.2, 3.3, 3.3, 9869.550236999627
3.2, 3.3, 3.3, 10023.014396999615
3.2, 3.3, 3.3, 10178.233116999607
3.2, 3.3, 3.3, 10335.2195009996
3.2, 3.3, 3.4, 10493.986700999594
3.3, 3.4, 3.4, 10654.547916999587
3.3, 3.4, 3.4, 10816.916396999579
3.3, 3.4, 3.4, 10981.105436999569
3.3, 3.4, 3.4, 11147.128380999562
3.3, 3.4, 3.4, 11314.998620999551
3.3, 3.4, 3.4, 11484.729596999543
3.3, 3.4, 3.4, 11656.334796999534
3.3, 3.4, 3.4, 11829.827756999526
3.3, 3.4, 3.4, 12005.222060999517
3.3, 3.4, 3.5, 12182.531340999507
3.4, 3.5, 3.5, 12361.769276999501
3.4, 3.5, 3.5, 12542.949596999493
3.4, 3.5, 3.5, 12726.086076999483
3.4, 3.5, 3.5, 12911.192540999473
3.4, 3.5, 3.5, 13098.282860999463
3.4, 3.5, 3.5, 13287.37095699945
3.4, 3.5, 3.5, 13478.470796999442
3.4, 3.5, 3.5, 13671.596396999432
3.4, 3.5, 3.5, 13866.761820999422
3.4, 3.5, 3.6, 14063.98118099941
3.5, 3.6, 3.6, 14263.268636999399
3.5, 3.6, 3.6, 14464.638396999388
3.5, 3.6, 3.6, 14668.10471699938
3.5, 3.6, 3.6, 14873.681900999369
3.5, 3.6, 3.6, 15081.384300999358
3.5, 3.6, 3.6, 15291.226316999346
3.5, 3.6, 3.6, 15503.222396999336
3.5, 3.6, 3.6, 15717.387036999324
3.5, 3.6, 3.6, 15933.734780999313
3.5, 3.6, 3.7, 16152.280220999302
3.6, 3.7, 3.7, 16373.03799699929
3.6, 3.7, 3.7, 16596.022796999277
3.6, 3.7, 3.7, 16821.24935699927
3.6, 3.7, 3.7, 17048.732460999257
3.6, 3.7, 3.7, 17278.48694099924
3.6, 3.7, 3.7, 17510.527676999227
3.6, 3.7, 3.7, 17744.86959699922
3.6, 3.7, 3.7, 17981.527676999205
3.6, 3.7, 3.7, 18220.51694099919
3.6, 3.7, 3.8, 18461.85246099918
3.7, 3.8, 3.8, 18705.549356999167
3.7, 3.8, 3.8, 18951.622796999152
3.7, 3.8, 3.8, 19200.087996999137
3.7, 3.8, 3.8, 19450.96022099912
3.7, 3.8, 3.8, 19704.25478099911
3.7, 3.8, 3.8, 19959.987036999097
3.7, 3.8, 3.8, 20218.172396999078
3.7, 3.8, 3.8, 20478.826316999064
3.7, 3.8, 3.8, 20741.96430099905
3.7, 3.8, 3.9, 21007.601900999034
3.8, 3.9, 3.9, 21275.75471699902
3.8, 3.9, 3.9, 21546.43839699901
3.8, 3.9, 3.9, 21819.668636998995
3.8, 3.9, 3.9, 22095.46118099898
3.8, 3.9, 3.9, 22373.83182099896
3.8, 3.9, 3.9, 22654.796396998943
3.8, 3.9, 3.9, 22938.370796998926
3.8, 3.9, 3.9, 23224.570956998912
3.8, 3.9, 3.9, 23513.412860998895
3.8, 3.9, 4.0, 23804.912540998877
3.9, 4.0, 4.0, 24099.086076998865
3.9, 4.0, 4.0, 24395.94959699885
3.9, 4.0, 4.0, 24695.51927699883
3.9, 4.0, 4.0, 24997.811340998815
3.9, 4.0, 4.0, 25302.842060998802
3.9, 4.0, 4.0, 25610.62775699878
3.9, 4.0, 4.0, 25921.184796998765
3.9, 4.0, 4.0, 26234.529596998742
3.9, 4.0, 4.0, 26550.678620998726
3.9, 4.0, 4.1, 26869.648380998708
4.0, 4.1, 4.1, 27191.45543699869
4.0, 4.1, 4.1, 27516.116396998674
4.0, 4.1, 4.1, 27843.647916998652
4.0, 4.1, 4.1, 28174.066700998632
4.0, 4.1, 4.1, 28507.389500998623
4.0, 4.1, 4.1, 28843.633116998615
4.0, 4.1, 4.1, 29182.814396998594
4.0, 4.1, 4.1, 29524.95023699857
4.0, 4.1, 4.1, 29870.057580998546
4.0, 4.1, 4.2, 30218.153420998533
4.1, 4.2, 4.2, 30569.254796998517
4.1, 4.2, 4.2, 30923.378796998495
4.1, 4.2, 4.2, 31280.54255699847
4.1, 4.2, 4.2, 31640.76326099845
4.1, 4.2, 4.2, 32004.058140998426
4.1, 4.2, 4.2, 32370.44447699841
4.1, 4.2, 4.2, 32739.939596998393
4.1, 4.2, 4.2, 33112.56087699837
4.1, 4.2, 4.2, 33488.32574099834
4.1, 4.2, 4.3, 33867.25166099833
4.2, 4.3, 4.3, 34249.3561569983
4.2, 4.3, 4.3, 34634.65679699827
4.2, 4.3, 4.3, 35023.17119699826
4.2, 4.3, 4.3, 35414.917020998226
4.2, 4.3, 4.3, 35809.91198099821
4.2, 4.3, 4.3, 36208.17383699819
4.2, 4.3, 4.3, 36609.720396998164
4.2, 4.3, 4.3, 37014.56951699814
4.2, 4.3, 4.3, 37422.73910099811
4.2, 4.3, 4.4, 37834.247100998095
4.3, 4.4, 4.4, 38249.11151699807
4.3, 4.4, 4.4, 38667.35039699804
4.3, 4.4, 4.4, 39088.981836998006
4.3, 4.4, 4.4, 39514.02398099798
4.3, 4.4, 4.4, 39942.49502099796
4.3, 4.4, 4.4, 40374.41319699794
4.3, 4.4, 4.4, 40809.79679699792
4.3, 4.4, 4.4, 41248.6641569979
4.3, 4.4, 4.4, 41691.03366099787
4.3, 4.4, 4.5, 42136.92374099784
4.4, 4.5, 4.5, 42586.35287699781
4.4, 4.5, 4.5, 43039.33959699778
4.4, 4.5, 4.5, 43495.902476997755
4.4, 4.5, 4.5, 43956.060140997724
4.4, 4.5, 4.5, 44419.8312609977
4.4, 4.5, 4.5, 44887.234556997675
4.4, 4.5, 4.5, 45358.288796997644
4.4, 4.5, 4.5, 45833.01279699762
4.4, 4.5, 4.5, 46311.425420997584
4.4, 4.5, 4.6, 46793.545580997554
4.5, 4.6, 4.6, 47279.392236997526
4.5, 4.6, 4.6, 47768.98439699749
4.5, 4.6, 4.6, 48262.341116997464
4.5, 4.6, 4.6, 48759.48150099744
4.5, 4.6, 4.6, 49260.42470099742
4.5, 4.6, 4.6, 49765.18991699738
4.5, 4.6, 4.6, 50273.79639699735
4.5, 4.6, 4.6, 50786.26343699731
4.5, 4.6, 4.6, 51302.610380997285
4.5, 4.6, 4.7, 51822.85662099725
4.6, 4.7, 4.7, 52347.021596997205
4.6, 4.7, 4.7, 52875.124796997174
4.6, 4.7, 4.7, 53407.18575699715
4.6, 4.7, 4.7, 53943.22406099712
4.6, 4.7, 4.7, 54483.25934099709
4.6, 4.7, 4.7, 55027.31127699705
4.6, 4.7, 4.7, 55575.39959699701
4.6, 4.7, 4.7, 56127.54407699697
4.6, 4.7, 4.7, 56683.764540996955
4.6, 4.7, 4.8, 57244.080860996924
4.7, 4.8, 4.8, 57808.512956996885
4.7, 4.8, 4.8, 58377.08079699686
4.7, 4.8, 4.8, 58949.80439699682
4.7, 4.8, 4.8, 59526.70382099677
4.7, 4.8, 4.8, 60107.799180996735
4.7, 4.8, 4.8, 60693.11063699671
4.7, 4.8, 4.8, 61282.65839699666
4.7, 4.8, 4.8, 61876.462716996626
4.7, 4.8, 4.8, 62474.5439009966
4.7, 4.8, 4.9, 63076.92230099655
4.8, 4.9, 4.9, 63683.61831699651
4.8, 4.9, 4.9, 64294.65239699648
4.8, 4.9, 4.9, 64910.04503699646
4.8, 4.9, 4.9, 65529.81678099642
4.8, 4.9, 4.9, 66153.98822099637
4.8, 4.9, 4.9, 66782.57999699633
4.8, 4.9, 4.9, 67415.61279699628
4.8, 4.9, 4.9, 68053.10735699625
4.8, 4.9, 4.9, 68695.08446099621
4.8, 4.9, 5.0, 69341.56494099618
4.9, 5.0, 5.0, 69992.56967699612
4.9, 5.0, 5.0, 70648.11959699607
4.9, 5.0, 5.0, 71308.23567699603
4.9, 5.0, 5.0, 71972.93894099601
4.9, 5.0, 5.0, 72642.25046099597
4.9, 5.0, 5.0, 73316.19135699593
4.9, 5.0, 5.0, 73994.78279699587
4.9, 5.0, 5.0, 74678.04599699582
4.9, 5.0, 5.0, 75366.00222099578
4.9, 5.0, 5.1, 76058.67278099572
5.0, 5.1, 5.1, 76756.0790369957
5.0, 5.1, 5.1, 77458.24239699566
5.0, 5.1, 5.1, 78165.18431699563
5.0, 5.1, 5.1, 78876.92630099558
5.0, 5.1, 5.1, 79593.48990099551
5.0, 5.1, 5.1, 80314.89671699548
5.0, 5.1, 5.1, 81041.16839699546
5.0, 5.1, 5.1, 81772.32663699542
5.0, 5.1, 5.1, 82508.39318099534
5.0, 5.1, 5.2, 83249.38982099527
5.1, 5.2, 5.2, 83995.33839699524
5.1, 5.2, 5.2, 84746.2607969952
5.1, 5.2, 5.2, 85502.17895699514
5.1, 5.2, 5.2, 86263.11486099509
5.1, 5.2, 5.2, 87029.09054099506
5.1, 5.2, 5.2, 87800.12807699502
5.1, 5.2, 5.2, 88576.24959699494
5.1, 5.2, 5.2, 89357.4772769949
5.1, 5.2, 5.2, 90143.83334099485
5.1, 5.2, 5.3, 90935.34006099479
5.2, 5.3, 5.3, 91732.01975699476
5.2, 5.3, 5.3, 92533.89479699472
5.2, 5.3, 5.3, 93340.98759699464
5.2, 5.3, 5.3, 94153.32062099461
5.2, 5.3, 5.3, 94970.91638099455
5.2, 5.3, 5.3, 95793.7974369945
5.2, 5.3, 5.3, 96621.98639699444
5.2, 5.3, 5.3, 97455.50591699439
5.2, 5.3, 5.3, 98294.37870099433
5.2, 5.3, 5.4, 99138.62750099428
5.3, 5.4, 5.4, 99988.27511699419
5.3, 5.4, 5.4, 100843.34439699416
5.3, 5.4, 5.4, 101703.8582369941
5.3, 5.4, 5.4, 102569.83958099404
5.3, 5.4, 5.4, 103441.31142099398
5.3, 5.4, 5.4, 104318.29679699393
5.3, 5.4, 5.4, 105200.8187969939
5.3, 5.4, 5.4, 106088.90055699385
5.3, 5.4, 5.4, 106982.56526099378
5.3, 5.4, 5.5, 107881.83614099372
5.4, 5.5, 5.5, 108786.73647699365
5.4, 5.5, 5.5, 109697.2895969936
5.4, 5.5, 5.5, 110613.51887699355
5.4, 5.5, 5.5, 111535.44774099348
5.4, 5.5, 5.5, 112463.09966099341
5.4, 5.5, 5.5, 113396.49815699333
5.4, 5.5, 5.5, 114335.66679699329
5.4, 5.5, 5.5, 115280.62919699324
5.4, 5.5, 5.5, 116231.40902099317
5.4, 5.5, 5.6, 117188.02998099313
5.5, 5.6, 5.6, 118150.51583699306
5.5, 5.6, 5.6, 119118.890396993
5.5, 5.6, 5.6, 120093.17751699292
5.5, 5.6, 5.6, 121073.40110099284
5.5, 5.6, 5.6, 122059.5851009928
5.5, 5.6, 5.6, 123051.75351699274
5.5, 5.6, 5.6, 124049.93039699266
5.5, 5.6, 5.6, 125054.13983699257
5.5, 5.6, 5.6, 126064.40598099254
5.5, 5.6, 5.7, 127080.75302099247
5.6, 5.7, 5.7, 128103.20519699238
5.6, 5.7, 5.7, 129131.78679699231
5.6, 5.7, 5.7, 130166.52215699226
5.6, 5.7, 5.7, 131207.43566099223
5.6, 5.7, 5.7, 132254.55174099212
5.6, 5.7, 5.7, 133307.89487699204
5.6, 5.7, 5.7, 134367.489596992
5.6, 5.7, 5.7, 135433.36047699192
5.6, 5.7, 5.7, 136505.53214099183
5.6, 5.7, 5.8, 137584.02926099175
5.7, 5.8, 5.8, 138668.87655699166
5.7, 5.8, 5.8, 139760.0987969916
5.7, 5.8, 5.8, 140857.72079699155
5.7, 5.8, 5.8, 141961.7674209915
5.7, 5.8, 5.8, 143072.26358099136
5.7, 5.8, 5.8, 144189.23423699132
5.7, 5.8, 5.8, 145312.70439699126
5.7, 5.8, 5.8, 146442.6991169912
5.7, 5.8, 5.8, 147579.24350099108
5.7, 5.8, 5.9, 148722.362700991
5.8, 5.9, 5.9, 149872.08191699098
5.8, 5.9, 5.9, 151028.4263969909
5.8, 5.9, 5.9, 152191.42143699081
5.8, 5.9, 5.9, 153361.09238099074
5.8, 5.9, 5.9, 154537.46462099068
5.8, 5.9, 5.9, 155720.5635969906
5.8, 5.9, 5.9, 156910.41479699046
5.8, 5.9, 5.9, 158107.0437569904
5.8, 5.9, 5.9, 159310.47606099033
5.8, 5.9, 6.0, 160520.73734099028
5.9, 6.0, 6.0, 161737.85327699018
5.9, 6.0, 6.0, 162961.84959699004
5.9, 6.0, 6.0, 164192.75207699
5.9, 6.0, 6.0, 165430.58654098993
5.9, 6.0, 6.0, 166675.37886098982
5.9, 6.0, 6.0, 167927.15495698972
5.9, 6.0, 6.0, 169185.9407969897
5.9, 6.0, 6.0, 170451.76239698962
5.9, 6.0, 6.0, 171724.6458209895
5.9, 6.0, 6.1, 173004.61718098936
6.0, 6.1, 6.1, 174291.7026369893
6.0, 6.1, 6.1, 175585.92839698924
6.0, 6.1, 6.1, 176887.32071698917
6.0, 6.1, 6.1, 178195.90590098908
6.0, 6.1, 6.1, 179511.71030098898
6.0, 6.1, 6.1, 180834.7603169889
6.0, 6.1, 6.1, 182165.08239698882
6.0, 6.1, 6.1, 183502.70303698874
6.0, 6.1, 6.1, 184847.64878098865
6.0, 6.1, 6.2, 186199.94622098858
6.1, 6.2, 6.2, 187559.62199698843
6.1, 6.2, 6.2, 188926.7027969883
6.1, 6.2, 6.2, 190301.21535698825
6.1, 6.2, 6.2, 191683.1864609882
6.1, 6.2, 6.2, 193072.64294098807
6.1, 6.2, 6.2, 194469.61167698796
6.1, 6.2, 6.2, 195874.1195969879
6.1, 6.2, 6.2, 197286.19367698778
6.1, 6.2, 6.2, 198705.86094098765
6.1, 6.2, 6.3, 200133.14846098755
6.2, 6.3, 6.3, 201568.08335698748
6.2, 6.3, 6.3, 203010.6927969874
6.2, 6.3, 6.3, 204461.0039969873
6.2, 6.3, 6.3, 205919.04422098718
6.2, 6.3, 6.3, 207384.8407809871
6.2, 6.3, 6.3, 208858.42103698698
6.2, 6.3, 6.3, 210339.81239698682
6.2, 6.3, 6.3, 211829.04231698677
6.2, 6.3, 6.3, 213326.1383009867
6.2, 6.3, 6.4, 214831.12790098664
6.3, 6.4, 6.4, 216344.03871698654
6.3, 6.4, 6.4, 217864.8983969864
6.3, 6.4, 6.4, 219393.7346369863
6.3, 6.4, 6.4, 220930.57518098617
6.3, 6.4, 6.4, 222475.447820986
6.3, 6.4, 6.4, 224028.38039698591
6.3, 6.4, 6.4, 225589.40079698584
6.3, 6.4, 6.4, 227158.5369569857
6.3, 6.4, 6.4, 228735.8168609856
6.3, 6.4, 6.5, 230321.26854098553
6.4, 6.5, 6.5, 231914.92007698544
6.4, 6.5, 6.5, 233516.7995969853
6.4, 6.5, 6.5, 235126.93527698517
6.4, 6.5, 6.5, 236745.35534098506
6.4, 6.5, 6.5, 238372.08806098497
6.4, 6.5, 6.5, 240007.16175698483
6.4, 6.5, 6.5, 241650.60479698473
6.4, 6.5, 6.5, 243302.44559698465
6.4, 6.5, 6.5, 244962.71262098453
6.4, 6.5, 6.6, 246631.43438098443
6.5, 6.6, 6.6, 248308.63943698432
6.5, 6.6, 6.6, 249994.3563969842
6.5, 6.6, 6.6, 251688.61391698406
6.5, 6.6, 6.6, 253391.44070098392
6.5, 6.6, 6.6, 255102.86550098378
6.5, 6.6, 6.6, 256822.9171169837
6.5, 6.6, 6.6, 258551.6243969836
6.5, 6.6, 6.6, 260289.01623698347
6.5, 6.6, 6.6, 262035.1215809834
6.5, 6.6, 6.7, 263789.9694209832
6.6, 6.7, 6.7, 265553.5887969831
6.6, 6.7, 6.7, 267326.00879698293
6.6, 6.7, 6.7, 269107.25855698285
6.6, 6.7, 6.7, 270897.36726098275
6.6, 6.7, 6.7, 272696.3641409826
6.6, 6.7, 6.7, 274504.2784769825
6.6, 6.7, 6.7, 276321.1395969824
6.6, 6.7, 6.7, 278146.97687698225
6.6, 6.7, 6.7, 279981.8197409821
6.6, 6.7, 6.8, 281825.6976609819
6.7, 6.8, 6.8, 283678.6401569818
6.7, 6.8, 6.8, 285540.6767969817
6.7, 6.8, 6.8, 287411.83719698165
6.7, 6.8, 6.8, 289292.1510209815
6.7, 6.8, 6.8, 291181.64798098133
6.7, 6.8, 6.8, 293080.3578369812
6.7, 6.8, 6.8, 294988.31039698113
6.7, 6.8, 6.8, 296905.5355169809
6.7, 6.8, 6.8, 298832.06310098077
6.7, 6.8, 6.9, 300767.9231009807
6.8, 6.9, 6.9, 302713.14551698056
6.8, 6.9, 6.9, 304667.7603969804
6.8, 6.9, 6.9, 306631.7978369803
6.8, 6.9, 6.9, 308605.2879809801
6.8, 6.9, 6.9, 310588.26102097996
6.8, 6.9, 6.9, 312580.7471969798
6.8, 6.9, 6.9, 314582.77679697966
6.8, 6.9, 6.9, 316594.38015697955
6.8, 6.9, 6.9, 318615.5876609795
6.8, 6.9, 7.0, 320646.4297409793
6.9, 7.0, 7.0, 322686.9368769791
6.9, 7.0, 7.0, 324737.139596979
6.9, 7.0, 7.0, 326797.0684769789
6.9, 7.0, 7.0, 328866.7541409788
6.9, 7.0, 7.0, 330946.22726097866
6.9, 7.0, 7.0, 333035.51855697844
6.9, 7.0, 7.0, 335134.6587969783
6.9, 7.0, 7.0, 337243.6787969781
6.9, 7.0, 7.0, 339362.60942097794
6.9, 7.0, 7.1, 341491.4815809778
7.0, 7.1, 7.1, 343630.3262369777
7.0, 7.1, 7.1, 345779.1743969776
7.0, 7.1, 7.1, 347938.0571169774
7.0, 7.1, 7.1, 350107.0055009772
7.0, 7.1, 7.1, 352286.0507009771
7.0, 7.1, 7.1, 354475.223916977
7.0, 7.1, 7.1, 356674.5563969768
7.0, 7.1, 7.1, 358884.07943697664
7.0, 7.1, 7.1, 361103.8243809765
7.0, 7.1, 7.2, 363333.82262097637
7.1, 7.2, 7.2, 365574.1055969761
7.1, 7.2, 7.2, 367824.70479697594
7.1, 7.2, 7.2, 370085.6517569758
7.1, 7.2, 7.2, 372356.97806097567
7.1, 7.2, 7.2, 374638.71534097544
7.1, 7.2, 7.2, 376930.89527697535
7.1, 7.2, 7.2, 379233.5495969752
7.1, 7.2, 7.2, 381546.71007697505
7.1, 7.2, 7.2, 383870.4085409749
7.1, 7.2, 7.3, 386204.6768609747
7.2, 7.3, 7.3, 388549.5469569746
7.2, 7.3, 7.3, 390905.05079697445
7.2, 7.3, 7.3, 393271.2203969743
7.2, 7.3, 7.3, 395648.08782097406
7.2, 7.3, 7.3, 398035.68518097384
7.2, 7.3, 7.3, 400434.04463697376
7.2, 7.3, 7.3, 402843.19839697354
7.2, 7.3, 7.3, 405263.1787169734
7.2, 7.3, 7.3, 407694.0179009732
7.2, 7.3, 7.4, 410135.74830097303
7.3, 7.4, 7.4, 412588.40231697285
7.3, 7.4, 7.4, 415052.0123969726
7.3, 7.4, 7.4, 417526.6110369725
7.3, 7.4, 7.4, 420012.2307809724
7.3, 7.4, 7.4, 422508.90422097215
7.3, 7.4, 7.4, 425016.6639969719
7.3, 7.4, 7.4, 427535.54279697186
7.3, 7.4, 7.4, 430065.5733569717
7.3, 7.4, 7.4, 432606.78846097155
7.3, 7.4, 7.5, 435159.2209409713
7.4, 7.5, 7.5, 437722.9036769711
7.4, 7.5, 7.5, 440297.8695969709
7.4, 7.5, 7.5, 442884.1516769707
7.4, 7.5, 7.5, 445481.7829409705
7.4, 7.5, 7.5, 448090.79646097036
7.4, 7.5, 7.5, 450711.22535697016
7.4, 7.5, 7.5, 453343.10279696994
7.4, 7.5, 7.5, 455986.46199696977
7.4, 7.5, 7.5, 458641.3362209697
7.4, 7.5, 7.6, 461307.7587809694
7.5, 7.6, 7.6, 463985.76303696923
7.5, 7.6, 7.6, 466675.38239696913
7.5, 7.6, 7.6, 469376.6503169689
7.5, 7.6, 7.6, 472089.6003009686
7.5, 7.6, 7.6, 474814.26590096846
7.5, 7.6, 7.6, 477550.6807169682
7.5, 7.6, 7.6, 480298.878396968
7.5, 7.6, 7.6, 483058.89263696776
7.5, 7.6, 7.6, 485830.7571809676
7.5, 7.6, 7.7, 488614.5058209675
7.6, 7.7, 7.7, 491410.17239696725
7.6, 7.7, 7.7, 494217.7907969671
7.6, 7.7, 7.7, 497037.39495696686
7.6, 7.7, 7.7, 499869.01886096667
7.6, 7.7, 7.7, 502712.69654096646
7.6, 7.7, 7.7, 505568.4620769662
7.6, 7.7, 7.7, 508436.34959696606
7.6, 7.7, 7.7, 511316.39327696594
7.6, 7.7, 7.7, 514208.6273409657
7.6, 7.7, 7.8, 517113.0860609654
7.7, 7.8, 7.8, 520029.8037569651
7.7, 7.8, 7.8, 522958.8147969649
7.7, 7.8, 7.8, 525900.1535969648
7.7, 7.8, 7.8, 528853.8546209645
7.7, 7.8, 7.8, 531819.9523809643
7.7, 7.8, 7.8, 534798.4814369641
7.7, 7.8, 7.8, 537789.4763969639
7.7, 7.8, 7.8, 540792.9719169638
7.7, 7.8, 7.8, 543809.0027009635
7.7, 7.8, 7.9, 546837.6035009632
7.8, 7.9, 7.9, 549878.8091169631
7.8, 7.9, 7.9, 552932.6543969628
7.8, 7.9, 7.9, 555999.1742369627
7.8, 7.9, 7.9, 559078.4035809624
7.8, 7.9, 7.9, 562170.3774209623
7.8, 7.9, 7.9, 565275.130796962
7.8, 7.9, 7.9, 568392.6987969617
7.8, 7.9, 7.9, 571523.1165569616
7.8, 7.9, 7.9, 574666.4192609614
7.8, 7.9, 8.0, 577822.6421409611
7.9, 8.0, 8.0, 580991.8204769609
7.9, 8.0, 8.0, 584173.9895969606
7.9, 8.0, 8.0, 587369.1848769605
7.9, 8.0, 8.0, 590577.4417409601
7.9, 8.0, 8.0, 593798.7956609598
7.9, 8.0, 8.0, 597033.2821569598
7.9, 8.0, 8.0, 600280.9367969597
7.9, 8.0, 8.0, 603541.7951969593
7.9, 8.0, 8.0, 606815.8930209589
7.9, 8.0, 8.1, 610103.2659809587
8.0, 8.1, 8.1, 613403.9498369585
8.0, 8.1, 8.1, 616717.9803969583
8.0, 8.1, 8.1, 620045.393516958
8.0, 8.1, 8.1, 623386.2251009578
8.0, 8.1, 8.1, 626740.5111009576
8.0, 8.1, 8.1, 630108.2875169574
8.0, 8.1, 8.1, 633489.590396957
8.0, 8.1, 8.1, 636884.4558369569
8.0, 8.1, 8.1, 640292.9199809567
8.0, 8.1, 8.2, 643715.0190209565
8.1, 8.2, 8.2, 647150.7891969562
8.1, 8.2, 8.2, 650600.2667969558
8.1, 8.2, 8.2, 654063.4881569557
8.1, 8.2, 8.2, 657540.4896609553
8.1, 8.2, 8.2, 661031.307740955
8.1, 8.2, 8.2, 664535.9788769548
8.1, 8.2, 8.2, 668054.5395969546
8.1, 8.2, 8.2, 671587.0264769546
8.1, 8.2, 8.2, 675133.4761409543
8.1, 8.2, 8.3, 678693.9252609538
8.2, 8.3, 8.3, 682268.4105569535
8.2, 8.3, 8.3, 685856.9687969533
8.2, 8.3, 8.3, 689459.6367969529
8.2, 8.3, 8.3, 693076.4514209528
8.2, 8.3, 8.3, 696707.4495809525
8.2, 8.3, 8.3, 700352.6682369523
8.2, 8.3, 8.3, 704012.144396952
8.2, 8.3, 8.3, 707685.9151169517
8.2, 8.3, 8.3, 711374.0175009514
8.2, 8.3, 8.4, 715076.4887009511
8.3, 8.4, 8.4, 718793.3659169509
8.3, 8.4, 8.4, 722524.6863969507
8.3, 8.4, 8.4, 726270.4874369504
8.3, 8.4, 8.4, 730030.8063809501
8.3, 8.4, 8.4, 733805.6806209498
8.3, 8.4, 8.4, 737595.1475969496
8.3, 8.4, 8.4, 741399.2447969492
8.3, 8.4, 8.4, 745218.009756949
8.3, 8.4, 8.4, 749051.4800609488
8.3, 8.4, 8.5, 752899.6933409483
8.4, 8.5, 8.5, 756762.687276948
8.4, 8.5, 8.5, 760640.499596948
8.4, 8.5, 8.5, 764533.1680769477
8.4, 8.5, 8.5, 768440.7305409473
8.4, 8.5, 8.5, 772363.2248609472
8.4, 8.5, 8.5, 776300.6889569468
8.4, 8.5, 8.5, 780253.1607969464
8.4, 8.5, 8.5, 784220.678396946
8.4, 8.5, 8.5, 788203.2798209457
8.4, 8.5, 8.6, 792201.0031809455
8.5, 8.6, 8.6, 796213.8866369454
8.5, 8.6, 8.6, 800241.968396945
8.5, 8.6, 8.6, 804285.2867169448
8.5, 8.6, 8.6, 808343.8799009444
8.5, 8.6, 8.6, 812417.786300944
8.5, 8.6, 8.6, 816507.0443169439
8.5, 8.6, 8.6, 820611.6923969435
8.5, 8.6, 8.6, 824731.7690369433
8.5, 8.6, 8.6, 828867.312780943
8.5, 8.6, 8.7, 833018.3622209427
8.6, 8.7, 8.7, 837184.9559969424
8.6, 8.7, 8.7, 841367.132796942
8.6, 8.7, 8.7, 845564.9313569417
8.6, 8.7, 8.7, 849778.3904609414
8.6, 8.7, 8.7, 854007.548940941
8.6, 8.7, 8.7, 858252.4456769408
8.6, 8.7, 8.7, 862513.1195969405
8.6, 8.7, 8.7, 866789.6096769404
8.6, 8.7, 8.7, 871081.95494094
8.6, 8.7, 8.8, 875390.1944609394
8.7, 8.8, 8.8, 879714.3673569392
8.7, 8.8, 8.8, 884054.5127969389
8.7, 8.8, 8.8, 888410.6699969384
8.7, 8.8, 8.8, 892782.8782209381
8.7, 8.8, 8.8, 897171.1767809378
8.7, 8.8, 8.8, 901575.6050369375
8.7, 8.8, 8.8, 905996.2023969374
8.7, 8.8, 8.8, 910433.008316937
8.7, 8.8, 8.8, 914886.0623009366
8.7, 8.8, 8.9, 919355.4039009365
8.8, 8.9, 8.9, 923841.0727169361
8.8, 8.9, 8.9, 928343.1083969357
8.8, 8.9, 8.9, 932861.5506369353
8.8, 8.9, 8.9, 937396.4391809352
8.8, 8.9, 8.9, 941947.8138209349
8.8, 8.9, 8.9, 946515.7143969345
8.8, 8.9, 8.9, 951100.1807969342
8.8, 8.9, 8.9, 955701.2529569338
8.8, 8.9, 8.9, 960318.9708609333
8.8, 8.9, 9.0, 964953.374540933
8.9, 9.0, 9.0, 969604.5040769326
8.9, 9.0, 9.0, 974272.3995969321
8.9, 9.0, 9.0, 978957.1012769318
8.9, 9.0, 9.0, 983658.6493409313
8.9, 9.0, 9.0, 988377.0840609311
8.9, 9.0, 9.0, 993112.4457569309
8.9, 9.0, 9.0, 997864.7747969304
8.9, 9.0, 9.0, 1002634.1115969301
8.9, 9.0, 9.0, 1007420.4966209299
8.9, 9.0, 9.1, 1012223.9703809295
9.0, 9.1, 9.1, 1017044.5734369291
9.0, 9.1, 9.1, 1021882.3463969287
9.0, 9.1, 9.1, 1026737.3299169284
9.0, 9.1, 9.1, 1031609.5647009282
9.0, 9.1, 9.1, 1036499.0915009277
9.0, 9.1, 9.1, 1041405.9511169272
9.0, 9.1, 9.1, 1046330.184396927
9.0, 9.1, 9.1, 1051271.8322369268
9.0, 9.1, 9.1, 1056230.9355809265
9.0, 9.1, 9.2, 1061207.5354209258
9.1, 9.2, 9.2, 1066201.6727969255
9.1, 9.2, 9.2, 1071213.3887969255
9.1, 9.2, 9.2, 1076242.7245569248
9.1, 9.2, 9.2, 1081289.7212609244
9.1, 9.2, 9.2, 1086354.420140924
9.1, 9.2, 9.2, 1091436.8624769235
9.1, 9.2, 9.2, 1096537.0895969232
9.1, 9.2, 9.2, 1101655.1428769229
9.1, 9.2, 9.2, 1106791.0637409226
9.1, 9.2, 9.3, 1111944.893660922
9.2, 9.3, 9.3, 1117116.6741569215
9.2, 9.3, 9.3, 1122306.4467969213
9.2, 9.3, 9.3, 1127514.2531969212
9.2, 9.3, 9.3, 1132740.1350209205
9.2, 9.3, 9.3, 1137984.1339809205
9.2, 9.3, 9.3, 1143246.29183692
9.2, 9.3, 9.3, 1148526.6503969193
9.2, 9.3, 9.3, 1153825.2515169191
9.2, 9.3, 9.3, 1159142.1371009187
9.2, 9.3, 9.4, 1164477.349100918
9.3, 9.4, 9.4, 1169830.929516918
9.3, 9.4, 9.4, 1175202.9203969175
9.3, 9.4, 9.4, 1180593.3638369173
9.3, 9.4, 9.4, 1186002.3019809169
9.3, 9.4, 9.4, 1191429.7770209166
9.3, 9.4, 9.4, 1196875.831196916
9.3, 9.4, 9.4, 1202340.5067969155
9.3, 9.4, 9.4, 1207823.8461569152
9.3, 9.4, 9.4, 1213325.8916609148
9.3, 9.4, 9.5, 1218846.6857409144
9.4, 9.5, 9.5, 1224386.2708769143
9.4, 9.5, 9.5, 1229944.6895969133
9.4, 9.5, 9.5, 1235521.984476913
9.4, 9.5, 9.5, 1241118.1981409127
9.4, 9.5, 9.5, 1246733.373260912
9.4, 9.5, 9.5, 1252367.5525569115
9.4, 9.5, 9.5, 1258020.7787969112
9.4, 9.5, 9.5, 1263693.0947969109
9.4, 9.5, 9.5, 1269384.5434209104
9.4, 9.5, 9.6, 1275095.16758091
9.5, 9.6, 9.6, 1280825.0102369098
9.5, 9.6, 9.6, 1286574.1143969095
9.5, 9.6, 9.6, 1292342.523116909
9.5, 9.6, 9.6, 1298130.2795009087
9.5, 9.6, 9.6, 1303937.4267009082
9.5, 9.6, 9.6, 1309764.0079169073
9.5, 9.6, 9.6, 1315610.066396907
9.5, 9.6, 9.6, 1321475.6454369065
9.5, 9.6, 9.6, 1327360.7883809062
9.5, 9.6, 9.7, 1333265.538620906
9.6, 9.7, 9.7, 1339189.9395969054
9.6, 9.7, 9.7, 1345134.0347969048
9.6, 9.7, 9.7, 1351097.8677569046
9.6, 9.7, 9.7, 1357081.4820609041
9.6, 9.7, 9.7, 1363084.9213409037
9.6, 9.7, 9.7, 1369108.2292769034
9.6, 9.7, 9.7, 1375151.4495969028
9.6, 9.7, 9.7, 1381214.6260769023
9.6, 9.7, 9.7, 1387297.8025409016
9.6, 9.7, 9.8, 1393401.0228609014
9.7, 9.8, 9.8, 1399524.330956901
9.7, 9.8, 9.8, 1405667.7707969004
9.7, 9.8, 9.8, 1411831.3863969
9.7, 9.8, 9.8, 1418015.2218208993
9.7, 9.8, 9.8, 1424219.321180899
9.7, 9.8, 9.8, 1430443.7286368986
9.7, 9.8, 9.8, 1436688.4883968981
9.7, 9.8, 9.8, 1442953.644716898
9.7, 9.8, 9.8, 1449239.2419008976
9.7, 9.8, 9.9, 1455545.3243008968
9.8, 9.9, 9.9, 1461871.9363168962
9.8, 9.9, 9.9, 1468219.122396896
9.8, 9.9, 9.9, 1474586.9270368954
9.8, 9.9, 9.9, 1480975.394780895
9.8, 9.9, 9.9, 1487384.5702208942
9.8, 9.9, 9.9, 1493814.4979968937
9.8, 9.9, 9.9, 1500265.2227968932
9.8, 9.9, 9.9, 1506736.789356893
9.8, 9.9, 9.9, 1513229.2424608925
9.8, 9.9, 10.0, 1519742.626940892
9.9, 10.0, 10.0, 1526276.9876768915
9.9, 10.0, 10.0, 1532832.369596891
9.9, 10.0, 10.0, 1539408.8176768902
9.9, 10.0, 10.0, 1546006.3769408897
9.9, 10.0, 10.0, 1552625.0924608894
9.9, 10.0, 10.0, 1559265.009356889
9.9, 10.0, 10.0, 1565926.1727968885
9.9, 10.0, 10.0, 1572608.627996888
9.9, 10.0, 10.0, 1579312.4202208878
9.9, 10.0, 10.1, 1586037.594780887
10.0, 10.1, 10.1, 1592784.1970368866
10.0, 10.1, 10.1, 1599552.272396886
10.0, 10.1, 10.1, 1606341.8663168855
10.0, 10.1, 10.1, 1613153.024300885
